2.458056545009017922e+06 9.995892794329334086e-01
2.458056545703462325e+06 9.995160517387258192e-01
2.458056546397906728e+06 9.998233381457237723e-01
2.458056547092351131e+06 1.000647203326646917e+00
2.458056547786795534e+06 1.000518608997061909e+00
2.458056548481239937e+06 1.000433811834126496e+00
2.458056549175684340e+06 1.000055313958420289e+00
2.458056549870128743e+06 1.000153441814541244e+00
2.458056550564573146e+06 1.000232191994667730e+00
2.458056551259017549e+06 1.000401995847861603e+00
2.458056551953461953e+06 9.999861633369202529e-01
2.458056552647906356e+06 1.000564193525596224e+00
2.458056553342350759e+06 9.997164190182286081e-01
2.458056554036795162e+06 9.996897970478135775e-01
2.458056554731239565e+06 9.997718666722884562e-01
2.458056555425683968e+06 9.996238882373780221e-01
2.458056556120128371e+06 1.000350268747966398e+00
2.458056556814572774e+06 1.000073536723984802e+00
2.458056557509017177e+06 1.000439826072924365e+00
2.458056558203461580e+06 1.000483256740852811e+00
2.458056558897905983e+06 9.994508865330923308e-01
2.458056559592350386e+06 1.000124476756619085e+00
2.458056560286794789e+06 1.000158301221823809e+00
2.458056560981239192e+06 9.998130712523728425e-01
2.458056561675683595e+06 9.999051572258907949e-01
2.458056562370127998e+06 9.995479859410707490e-01
2.458056563064572401e+06 9.996105920997309102e-01
2.458056563759016804e+06 9.994737797134242152e-01
2.458056564453461207e+06 9.994939543271115223e-01
2.458056565147905611e+06 9.996965787169086459e-01
2.458056565842350014e+06 9.995713207338177142e-01
2.458056566536794417e+06 9.999613658551382844e-01
2.458056567231238820e+06 9.995218309173685700e-01
2.458056567925683223e+06 9.994092149188826824e-01
2.458056568620127626e+06 1.000045313423738147e+00
2.458056569314572029e+06 9.996884200448987734e-01
2.458056570009016432e+06 9.995359165503273635e-01
2.458056570703460835e+06 9.998836454375144012e-01
2.458056571397905238e+06 1.000177294791254834e+00
2.458056572092349641e+06 1.000441927599293956e+00
2.458056572786794044e+06 1.000942792794620617e+00
2.458056573481238447e+06 1.000979566045206326e+00
2.458056574175682850e+06 1.000780151999965728e+00
2.458056574870127253e+06 1.000129966811700299e+00
2.458056575564571656e+06 1.000380169985350509e+00
2.458056576259016059e+06 9.999747387529913656e-01
2.458056576953460462e+06 1.000064836385848643e+00
2.458056577647904865e+06 1.000192386509617837e+00
2.458056578342349268e+06 1.000822856983963449e+00
2.458056579036793672e+06 1.000693635449702024e+00
2.458056579731238075e+06 9.990647645499453056e-01
2.458056580425682478e+06 1.000037728718042418e+00
2.458056581120126881e+06 9.995349548733967193e-01
2.458056581814571284e+06 1.000355427070475978e+00
2.458056582509015687e+06 1.000284282205736952e+00
2.458056583203460090e+06 9.993977785114529500e-01
2.458056583897904493e+06 9.997425783319394688e-01
2.458056584592348896e+06 1.000202526003845849e+00
2.458056585286793299e+06 9.997148357287046760e-01
2.458056585981237702e+06 1.000012927862710788e+00
2.458056586675682105e+06 1.000155783004414989e+00
2.458056587370126508e+06 9.997351852286655571e-01
2.458056588064570911e+06 9.996576101528671376e-01
2.458056588759015314e+06 9.998217698752271954e-01
2.458056589453459717e+06 1.000288872665960005e+00
2.458056590147904120e+06 1.000718002662777995e+00
2.458056590842348523e+06 9.992184124515596233e-01
2.458056591536792926e+06 9.999802567586770774e-01
2.458056592231237330e+06 1.000214793511958522e+00
2.458056592925681733e+06 1.000147698352226833e+00
2.458056593620126136e+06 1.000290447648259917e+00
2.458056594314570539e+06 9.995710297261379829e-01
2.458056595009014942e+06 9.997970574847856451e-01
2.458056595703459345e+06 1.000121779501973229e+00
2.458056596397903748e+06 9.996407588873880146e-01
2.458056597092348151e+06 1.000226520812248499e+00
2.458056597786792554e+06 1.000156026072928528e+00
2.458056598481236957e+06 9.996886536793532230e-01
2.458056599175681360e+06 1.000124779123986229e+00
2.458056599870125763e+06 1.000427452567888675e+00
2.458056600564570166e+06 9.999816024638981116e-01
2.458056601259014569e+06 1.000135670247752628e+00
2.458056601953458972e+06 9.997877959835377304e-01
2.458056602647903375e+06 9.997276239819713473e-01
2.458056603342347778e+06 1.000111716911472826e+00
2.458056604036792181e+06 9.999586035943202056e-01
2.458056604731236584e+06 9.995237443329715310e-01
2.458056605425680988e+06 1.000322833071632722e+00
2.458056606120125391e+06 1.000246279734586130e+00
2.458056606814569794e+06 1.000056355591709467e+00
2.458056607509014197e+06 9.996874527922943177e-01
2.458056608203458600e+06 9.998399111961975283e-01
2.458056608897903003e+06 9.998422435421721044e-01
2.458056609592347406e+06 9.998556495701356184e-01
2.458056610286791809e+06 1.000047899592389600e+00
2.458056610981236212e+06 9.992978228114275385e-01
2.458056611675680615e+06 1.000341553347555923e+00
2.458056612370125018e+06 1.000197233573585809e+00
2.458056613064569421e+06 1.000242410020849348e+00
2.458056613759013824e+06 9.992720147571315659e-01
2.458056614453458227e+06 1.000297717870145320e+00
2.458056615147902630e+06 1.000056057890632788e+00
2.458056615842347033e+06 9.997413808493760268e-01
2.458056616536791436e+06 9.993094367270332068e-01
2.458056617231235839e+06 9.996738812089170922e-01
2.458056617925680242e+06 9.994694620836600540e-01
2.458056618620124646e+06 9.997427128597955459e-01
2.458056619314569049e+06 9.994827298521506975e-01
2.458056620009013452e+06 9.999333069471119106e-01
2.458056620703457855e+06 9.997041039279730423e-01
2.458056621397902258e+06 9.998540574109480161e-01
2.458056622092346661e+06 9.996728476781544526e-01
2.458056622786791064e+06 9.997622279869509132e-01
2.458056623481235467e+06 9.996105477970669284e-01
2.458056624175679870e+06 9.993485577253859997e-01
2.458056624870124273e+06 9.994745097828455771e-01
2.458056625564568676e+06 9.999146267714711378e-01
2.458056626259013079e+06 1.000363287300217063e+00
2.458056626953457482e+06 9.998121079284090218e-01
2.458056627647901885e+06 9.995916868228613694e-01
2.458056628342346288e+06 9.998969358953766484e-01
2.458056629036790691e+06 1.000184832388156586e+00
2.458056629731235094e+06 9.987910563813799936e-01
2.458056630425679497e+06 9.999000029822121549e-01
2.458056631120123900e+06 9.996741718089487971e-01
2.458056631814568304e+06 9.997338308923909844e-01
2.458056632509012707e+06 9.986165825452752998e-01
2.458056633203457110e+06 9.990971020278728298e-01
2.458056633897901513e+06 9.988338681003092745e-01
2.458056634592345916e+06 9.984319231756026980e-01
2.458056635286790319e+06 9.978477332093274033e-01
2.458056635981234722e+06 9.978719331716540131e-01
2.458056636675679125e+06 9.970987191557364460e-01
2.458056637370123528e+06 9.966981157581297213e-01
2.458056638064567931e+06 9.975052373068867828e-01
2.458056638759012334e+06 9.971569912971102179e-01
2.458056639453456737e+06 9.962275075213227193e-01
2.458056640147901140e+06 9.970913667039130734e-01
2.458056640842345543e+06 9.965344949616490311e-01
2.458056641536789946e+06 9.971598766163493055e-01
2.458056642231234349e+06 9.965663965270689095e-01
2.458056642925678752e+06 9.969281233375439921e-01
2.458056643620123155e+06 9.967435001275004591e-01
2.458056644314567558e+06 9.965325453989980486e-01
2.458056645009011962e+06 9.967929230541233698e-01
2.458056645703456365e+06 9.963122358094546049e-01
2.458056646397900768e+06 9.956693285275401983e-01
2.458056647092345171e+06 9.962733813256757776e-01
2.458056647786789574e+06 9.959175854436713715e-01
2.458056648481233977e+06 9.961910513875337214e-01
2.458056649175678380e+06 9.959620137371707482e-01
2.458056649870122783e+06 9.964858453975147246e-01
2.458056650564567186e+06 9.961117020606600203e-01
2.458056651259011589e+06 9.965116013314427867e-01
2.458056651953455992e+06 9.961804167782002395e-01
2.458056652647900395e+06 9.965013888111559082e-01
2.458056653342344798e+06 9.957556235573141734e-01
2.458056654036789201e+06 9.955059275343484115e-01
2.458056654731233604e+06 9.958006561945640378e-01
2.458056655425678007e+06 9.957511999297867789e-01
2.458056656120122410e+06 9.961256585243902784e-01
2.458056656814566813e+06 9.962331718413335313e-01
2.458056657509011216e+06 9.958210316051675504e-01
2.458056658203455620e+06 9.962048678035276827e-01
2.458056658897900023e+06 9.963350784458006038e-01
2.458056659592344426e+06 9.963273996645355401e-01
2.458056660286788829e+06 9.958580433694155243e-01
2.458056660981233232e+06 9.965355192136680085e-01
2.458056661675677635e+06 9.960754262258830760e-01
2.458056662370122038e+06 9.966694811498622020e-01
2.458056663064566441e+06 9.960008815118450709e-01
2.458056663759010844e+06 9.963165634862465314e-01
2.458056664453455247e+06 9.964691975410937541e-01
2.458056665147899650e+06 9.963837492772001925e-01
2.458056665842344053e+06 9.961963496979927557e-01
2.458056666536788456e+06 9.963861315821145315e-01
2.458056667231232859e+06 9.967431922232351527e-01
2.458056667925677262e+06 9.962708249906723212e-01
2.458056668620121665e+06 9.960839206990556027e-01
2.458056669314566068e+06 9.960798290464948357e-01
2.458056670009010471e+06 9.966615282699327061e-01
2.458056670703454874e+06 9.960660993940473329e-01
2.458056671397899278e+06 9.962723964950015443e-01
2.458056672092343681e+06 9.962093316463660475e-01
2.458056672786788084e+06 9.965536272931979633e-01
2.458056673481232487e+06 9.964406310026953095e-01
2.458056674175676890e+06 9.965390264309658130e-01
2.458056674870121293e+06 9.960118393363228684e-01
2.458056675564565696e+06 9.962758515699448036e-01
2.458056676259010099e+06 9.957127974018336047e-01
2.458056676953454502e+06 9.958714432654294235e-01
2.458056677647898905e+06 9.961604289071472884e-01
2.458056678342343308e+06 9.959057623261970971e-01
2.458056679036787711e+06 9.958506068145357437e-01
2.458056679731232114e+06 9.958854342168425022e-01
2.458056680425676517e+06 9.956500486210075884e-01
2.458056681120120920e+06 9.958626173777962443e-01
2.458056681814565323e+06 9.957217074043102079e-01
2.458056682509009726e+06 9.956857044673365076e-01
2.458056683203454129e+06 9.963559347656513188e-01
2.458056683897898532e+06 9.964233461890452670e-01
2.458056684592342936e+06 9.958633840986623742e-01
2.458056685286787339e+06 9.958911691651243236e-01
2.458056685981231742e+06 9.958280165934776385e-01
2.458056686675676145e+06 9.954465196331769850e-01
2.458056687370120548e+06 9.961196980171878046e-01
2.458056688064564951e+06 9.960261498068374575e-01
2.458056688759009354e+06 9.958525347608103706e-01
2.458056689453453757e+06 9.959319675785391901e-01
2.458056690147898160e+06 9.969471103211535734e-01
2.458056690842342563e+06 9.959790236151471188e-01
2.458056691536786966e+06 9.967165378996978298e-01
2.458056692231231369e+06 9.960990297835626839e-01
2.458056692925675772e+06 9.962449940818275396e-01
2.458056693620120175e+06 9.964342186230122911e-01
2.458056694314564578e+06 9.971728618610308237e-01
2.458056695009008981e+06 9.962017012576793729e-01
2.458056695703453384e+06 9.965397892642071653e-01
2.458056696397897787e+06 9.975871668487532595e-01
2.458056697092342190e+06 9.968522573844971202e-01
2.458056697786786593e+06 9.965943372412442436e-01
2.458056698481230997e+06 9.975189988114744333e-01
2.458056699175675400e+06 9.971241270750357266e-01
2.458056699870119803e+06 9.970559077347385113e-01
2.458056700564564206e+06 9.969078562462605486e-01
2.458056701259008609e+06 9.971036355889155711e-01
2.458056701953453012e+06 9.966977480684334756e-01
2.458056702647897415e+06 9.973130027178527257e-01
2.458056703342341818e+06 9.975711935251628804e-01
2.458056704036786221e+06 9.964919219696759534e-01
2.458056704731230624e+06 9.956936484412397537e-01
2.458056705425675027e+06 9.971818072082740958e-01
2.458056706120119430e+06 9.961304639419825691e-01
2.458056706814563833e+06 9.952223353336199230e-01
2.458056707509008236e+06 9.964019013676654879e-01
2.458056708203452639e+06 9.962194769773710101e-01
2.458056708897897042e+06 9.964360101554127214e-01
2.458056709592341445e+06 9.962419328135072583e-01
2.458056710286785848e+06 9.960705057180051503e-01
2.458056710981230251e+06 9.968952244194420054e-01
2.458056711675674655e+06 9.963927607354797766e-01
2.458056712370119058e+06 9.969652467968785903e-01
2.458056713064563461e+06 9.958410024819119855e-01
2.458056713759007864e+06 9.972651569706196817e-01
2.458056714453452267e+06 9.968133752627323929e-01
2.458056715147896670e+06 9.965533294423192245e-01
2.458056715842341073e+06 9.980139953722125812e-01
2.458056716536785476e+06 9.955576929018604693e-01
2.458056717231229879e+06 9.981292008038497032e-01
2.458056717925674282e+06 9.962486310303468873e-01
2.458056718620118685e+06 9.962102650102744317e-01
2.458056719314563088e+06 9.968248098824836756e-01
2.458056720009007491e+06 9.961683278717444745e-01
2.458056720703451894e+06 9.978502795822665750e-01
2.458056721397896297e+06 9.963281732591748874e-01
2.458056722092340700e+06 9.974910063077315758e-01
2.458056722786785103e+06 9.968024672504711692e-01
2.458056723481229506e+06 9.973418651730697748e-01
2.458056724175673909e+06 9.982078358351690328e-01
2.458056724870118313e+06 9.986445713892538878e-01
2.458056725564562716e+06 9.991626056230040742e-01
2.458056726259007119e+06 9.986731351580402372e-01
2.458056726953451522e+06 9.991166886812883341e-01
2.458056727647895925e+06 1.000206123284496318e+00
2.458056728342340328e+06 9.995502770672850534e-01
2.458056729036784731e+06 9.997709538182913969e-01
2.458056729731229134e+06 1.001165119346310695e+00
2.458056730425673537e+06 1.000265212245123880e+00
2.458056731120117940e+06 9.997267531297044929e-01
2.458056731814562343e+06 9.988499998192359453e-01
2.458056732509006746e+06 9.999698386034731046e-01
2.458056733203451149e+06 9.995560099498994600e-01
2.458056733897895552e+06 9.999771852945699147e-01
2.458056734592339955e+06 9.988992663005324957e-01
2.458056735286784358e+06 1.000492867701711974e+00
2.458056735981228761e+06 9.997802735168896948e-01
2.458056736675673164e+06 1.000600364572171275e+00
2.458056737370117567e+06 9.996635126252908510e-01
2.458056738064561971e+06 1.000339358207345652e+00
2.458056738759006374e+06 1.000530958566518969e+00
2.458056739453450777e+06 9.990372630709095647e-01
2.458056740147895180e+06 9.980472474549303419e-01
2.458056740842339583e+06 9.999609421237831697e-01
2.458056741536783986e+06 9.986697494204668235e-01
2.458056742231228389e+06 1.001361478760744994e+00
2.458056742925672792e+06 1.000637257108090816e+00
2.458056743620117195e+06 9.994466710982367053e-01
2.458056744314561598e+06 9.990802931500599726e-01
2.458056745009006001e+06 1.000788241237025478e+00
2.458056745703450404e+06 1.000219780502816125e+00
2.458056746397894807e+06 1.000717478354927970e+00
2.458056747092339210e+06 9.999133258845821492e-01
2.458056747786783613e+06 9.990984516318026643e-01
2.458056748481228016e+06 1.000039214752329153e+00
2.458056749175672419e+06 9.995264506823822170e-01
2.458056749870116822e+06 1.000273214292028312e+00
2.458056750564561225e+06 9.989844676985133454e-01
2.458056751259005629e+06 9.988140731203454248e-01
2.458056751953450032e+06 9.993444012201901927e-01
2.458056752647894435e+06 9.991592198936256608e-01
2.458056753342338838e+06 1.000916566812152020e+00
2.458056754036783241e+06 9.995510568896529557e-01
2.458056754731227644e+06 1.000253903279822332e+00
2.458056755425672047e+06 1.001101468064781397e+00
2.458056756120116450e+06 9.988052704748986432e-01
2.458056756814560853e+06 1.000800410288355424e+00
2.458056757509005256e+06 1.000764349319581248e+00
2.458056758203449659e+06 9.971819706240168113e-01
2.458056758897894062e+06 9.987165047091915993e-01
2.458056759592338465e+06 9.993562638451065627e-01
2.458056760286782868e+06 9.987627096713331820e-01
2.458056760981227271e+06 9.988254727566425739e-01
2.458056761675671674e+06 1.001790115989807495e+00
2.458056762370116077e+06 1.001714187290854596e+00
2.458056763064560480e+06 9.979402254357626623e-01
2.458056763759004883e+06 1.001518873894630346e+00
2.458056764453449287e+06 9.994530873961171569e-01
2.458056765147893690e+06 9.981825267902164622e-01
2.458056765842338093e+06 1.001355572400553617e+00
2.458056766536782496e+06 1.000125887961383020e+00
2.458056767231226899e+06 9.989691296014264754e-01
2.458056767925671302e+06 9.977865873480972203e-01
2.458056768620115705e+06 9.971236860847234595e-01
2.458056769314560108e+06 9.994007920782311816e-01
2.458056770009004511e+06 9.994597709705619337e-01
2.458056770703448914e+06 9.958953437601707481e-01
2.458056771397893317e+06 9.982755232606269624e-01
2.458056772092337720e+06 1.001172027887989202e+00
2.458056772786782123e+06 1.000247094053002161e+00
2.458056773481226526e+06 1.000004765716427713e+00
2.458056774175670929e+06 1.000092207173390646e+00
2.458056774870115332e+06 1.000500797547829723e+00
2.458056775564559735e+06 1.001096948548752197e+00
2.458056776259004138e+06 9.979983989605386574e-01
2.458056776953448541e+06 1.000068415531705890e+00
2.458056777647892945e+06 9.990813710612544973e-01
2.458056778342337348e+06 9.996474584250694129e-01
2.458056779036781751e+06 1.000103578370096002e+00
2.458056779731226154e+06 1.002630112757191716e+00
2.458056780425670557e+06 9.996117035884861668e-01
2.458056781120114960e+06 1.003565592394976225e+00
2.458056781814559363e+06 9.999686892718568920e-01
2.458056782509003766e+06 1.001969990461696769e+00
2.458056783203448169e+06 9.998684982819405764e-01
2.458056783897892572e+06 1.001157326824049010e+00
2.458056784592336975e+06 1.003341899591452702e+00
2.458056785286781378e+06 1.002472829251447539e+00
2.458056785981225781e+06 9.992540825188125364e-01
2.458056786675670184e+06 1.000038275041715385e+00
2.458056787370114587e+06 9.996765562344112066e-01
2.458056788064558990e+06 9.993408056502572911e-01
2.458056788759003393e+06 9.995696277699265275e-01
2.458056789453447796e+06 9.991833938078084065e-01
2.458056790147892199e+06 1.000053239525533044e+00
2.458056790842336603e+06 1.000155049719606559e+00
2.458056791536781006e+06 1.000194028946429725e+00
2.458056792231225409e+06 1.002117012556040798e+00
2.458056792925669812e+06 9.995062471160105488e-01
